BubbleSort 50000: 
24484832
24276454
24088914
24236179
23994085
24299107
24454307
24142996
24463189
24311015
InsertionSort 50000:
10252560
10444905
10293545
10380717
10243537
10282521
10384881
10309639
10188858
10195977
MergeSort 50000:
14970
15783
14968
15787
15405
17042
16312
16365
14948
15473
IterativeMergeSort 50000:
15808
17001
15929
16820
16279
17212
15727
16816
15905
18082
ShellSort 50000:
21807
24123
21607
22208
20768
22057
20602
22549
21043
22871
QuickSort 50000:
10343
10644
10325
10125
10384
12463
10220
10135
10230
10144
BubbleSort 100000:
96646156
97313661
97052341
95795915
96811506
96985506
96093031
97884959
95812324
95786039
InsertionSort 100000:
40528323
41111730
41124975
40588141
40491256
40649937
40846571
40787252
40701107
40480210
MergeSort 100000:
31596
31222
31543
31279
31470
31444
31443
31428
31845
33694
IterativeMergeSort 100000:
33585
33508
33399
33439
33577
33285
34028
33251
36785
36314
ShellSort 100000:
47483
46797
47184
48193
46964
45567
47688
46015
45612
47690
QuickSort 100000:
21365
21456
21215
21389
21414
21458
21947
21104
21301
21278
BubbleSort 250000:
598987311
599479647
607461677
607408884
600925408
604024826
598770581
598732410
601660772
607800528
InsertionSort 250000:
254181487
257201337
260690183
258535899
260478818
258631878
260841996
260991314
259225679
258851137
MergeSort 250000:
90628
89413
88557
88896
91407
89514
88811
89204
89960
90703
IterativeMergeSort 250000:
91574
93155
91735
89724
93878
92048
90571
96477
93887
91886
ShellSort 250000:
135956
132615
131528
139010
135835
139276
131735
134631
131664
139771
QuickSort 250000:
61619
60107
60126
63102
59255
63446
61061
58170
58184
59309
BubbleSort 500000:
-1855961888
-1874826395
-1846881620
-1859474010
-1869365761
-1860374774
-1860115288
-1867331134
-1867628284
