BubbleSort 10: 
15
1
1
1
1
1
1
1
1
1
InsertionSort 10: 
1
1
1
0
1
0
1
1
1
1
MergeSort 10: 
1
2
2
2
1
1
2
1
1
1
IterativeMergeSort 10: 
1
1
1
1
0
0
1
1
1
1
ShellSort 10: 
1
1
0
1
1
1
0
1
0
1
QuickSort 10: 
1
2
1
1
0
1
1
1
1
1
BubbleSort 100: 
111
111
98
102
148
117
102
122
130
154
InsertionSort 100: 
66
54
54
74
58
45
61
41
37
57
MergeSort 100: 
31
17
32
17
17
17
31
17
16
18
IterativeMergeSort 100: 
17
30
16
29
15
16
15
16
15
16
ShellSort 100: 
12
13
13
13
13
14
14
13
14
13
QuickSort 100: 
12
11
11
12
11
11
11
10
11
12
BubbleSort 1000: 
9180
9265
9147
9015
9213
9103
9370
9552
9099
9150
InsertionSort 1000: 
4069
4123
4088
4356
4223
4267
3933
4422
4233
4507
MergeSort 1000: 
233
282
229
232
230
229
229
232
236
250
IterativeMergeSort 1000: 
202
201
284
201
200
199
200
200
199
199
ShellSort 1000: 
198
204
323
200
200
201
206
196
200
195
QuickSort 1000: 
142
141
140
167
142
141
139
156
142
143
BubbleSort 2500: 
57533
58827
60349
58003
59694
61712
58161
58581
57621
57835
InsertionSort 2500: 
25279
27992
26300
25781
25074
25065
27121
25512
25301
27577
MergeSort 2500: 
547
550
551
546
547
552
611
544
553
564
IterativeMergeSort 2500: 
576
573
631
586
574
574
637
576
575
573
ShellSort 2500: 
614
637
623
619
638
630
718
617
612
706
QuickSort 2500: 
387
385
380
457
384
377
383
388
400
381
BubbleSort 5000: 
234129
244351
242393
255047
242361
234349
232352
232327
243777
235616
InsertionSort 5000: 
99688
100726
102309
100244
101152
101418
101179
101799
100123
100686
MergeSort 5000: 
1183
1203
1197
1243
1179
1201
1247
1201
1224
1483
IterativeMergeSort 5000: 
1381
1624
1780
1422
1443
1340
1290
1340
1532
1473
ShellSort 5000: 
1496
1666
1533
1502
1442
1380
1476
1384
1467
1447
QuickSort 5000: 
831
1065
833
828
851
838
827
1002
880
822
BubbleSort 10000: 
968283
941696
943616
961433
942113
954715
947961
974969
936710
948846
InsertionSort 10000: 
419805
411737
412697
402793
407203
398253
403559
424334
419951
402727
MergeSort 10000: 
2546
2577
2581
2649
2644
2564
2619
2583
2530
2589
IterativeMergeSort 10000: 
2720
2811
2696
2761
2836
3092
2780
2739
2752
2750
ShellSort 10000: 
3230
3180
3186
3338
3152
3277
3192
3202
3216
3280
QuickSort 10000: 
1753
2030
1832
1771
1761
1821
1805
1733
1748
1926
BubbleSort 25000: 
5936170
6056663
5940192
6051191
6024850
5995671
6019403
6016232
5992462
6020996
InsertionSort 25000: 
2527437
2581176
2525975
2567093
2709332
2784357
2701363
2601620
2517674
2545482
MergeSort 25000: 
7166
7147
7124
7217
7097
7165
7071
7330
7096
7102
IterativeMergeSort 25000: 
7367
7437
7385
7341
7797
8868
7638
7328
7429
7680
ShellSort 25000: 
10186
10948
10730
10089
9440
9292
9285
9341
9453
9508
QuickSort 25000: 
5234
4807
4800
4737
4779
4744
4879
5719
4857
4866
BubbleSort 1000000: 
InsertionSort 1000000: 
MergeSort 1000000: 
387134
423917
