BubbleSort 1000000: 
InsertionSort 1000000: 
MergeSort 1000000: 
398405
395975
404958
396510
407250
391638
416264
391509
411623
390209
IterativeMergeSort 1000000: 
405377
416735
405040
403554
402577
404947
405103
408445
403147
406543
ShellSort 1000000: 
673617
673001
663724
692443
680050
682314
669994
666445
667823
664350
QuickSort 1000000: 
256070
252771
254057
265032
260617
258942
272611
254348
261573
254377
BubbleSort 2000000: 
InsertionSort 2000000: 
MergeSort 2000000: 
835892
813783
833423
811334
812009
816310
828535
820633
816226
823825
IterativeMergeSort 2000000: 
847744
855659
844367
850453
854159
857659
859508
853693
845598
850586
ShellSort 2000000: 
1560650
1520512
1546326
1528079
1535542
1550467
1525902
1527531
1560200
1531442
QuickSort 2000000: 
531386
538493
530618
543141
535471
534023
530662
532753
532141
530567
BubbleSort 5000000: 
InsertionSort 5000000: 
MergeSort 5000000: 
1986753
1984410
2215849
2023169
2027902
2027272
2034694
2056200
2022911
2140800
IterativeMergeSort 5000000: 
2433714
2464463
2374044
2405109
2433672
2408251
2338986
2361463
2429823
2416298
ShellSort 5000000: 
4852940
4811607
4642723
4552267
4651558
4651789
4664935
4484165
4514608
4580421
QuickSort 5000000: 
1416496
1472191
1414699
1415650
