BubbleSort 10: 
1
1
1
1
1
1
1
1
1
1
InsertionSort 10: 
1
1
0
1
1
1
1
1
1
1
MergeSort 10: 
1
1
1
1
1
2
1
1
1
1
IterativeMergeSort 10: 
1
0
1
1
0
0
1
1
1
0
ShellSort 10: 
1
1
1
1
0
1
1
1
1
0
QuickSort 10: 
1
1
1
1
1
1
1
1
1
1
BubbleSort 100: 
99
135
118
126
120
109
122
120
128
124
InsertionSort 100: 
44
44
46
40
44
47
44
44
48
40
MergeSort 100: 
20
18
17
18
16
19
17
17
17
18
IterativeMergeSort 100: 
17
16
16
16
16
15
15
15
16
15
ShellSort 100: 
13
14
12
14
14
15
12
13
14
14
QuickSort 100: 
12
11
11
11
11
11
11
11
10
11
BubbleSort 1000: 
9972
9707
9700
9835
9667
9951
9697
9935
9910
9965
InsertionSort 1000: 
4214
4624
4240
4768
4400
4669
4245
5000
4260
4732
MergeSort 1000: 
259
261
268
275
269
267
257
306
259
263
IterativeMergeSort 1000: 
245
280
251
266
304
234
231
222
255
217
ShellSort 1000: 
211
222
219
225
237
210
213
216
304
369
QuickSort 1000: 
154
195
159
143
143
146
143
168
142
147
BubbleSort 2500: 
63448
62527
64858
62456
60964
59517
59452
61718
61740
60746
InsertionSort 2500: 
25989
26310
26091
25982
27270
27997
27743
27181
29057
25936
MergeSort 2500: 
589
572
573
667
641
598
607
584
600
559
IterativeMergeSort 2500: 
599
674
718
698
626
623
589
619
580
619
ShellSort 2500: 
741
698
618
623
622
767
722
672
662
638
QuickSort 2500: 
394
394
449
412
455
429
386
382
395
454
BubbleSort 5000: 
251253
250283
250198
253055
248306
246325
246625
252132
249123
255469
InsertionSort 5000: 
106591
107849
108171
106463
117275
117539
112562
105878
105123
106154
MergeSort 5000: 
1195
1325
1263
1447
1364
1301
1279
1513
1174
1461
IterativeMergeSort 5000: 
1415
1273
1565
1427
1300
1312
1444
1326
1341
1353
ShellSort 5000: 
1544
1579
1492
1761
1595
1551
1690
1563
1483
1560
QuickSort 5000: 
854
859
851
993
921
883
934
844
906
912
BubbleSort 10000: 
995766
988400
995417
999251
1026618
1010175
997892
1004732
999214
1036935
InsertionSort 10000: 
432810
430966
426067
417090
424593
425210
423436
419452
426601
424594
MergeSort 10000: 
2688
2880
2812
2783
2714
2931
2641
2796
2673
2875
IterativeMergeSort 10000: 
2760
3384
3531
3177
3237
3336
3161
3154
3091
3261
ShellSort 10000: 
3558
3666
3569
3605
3659
3791
3500
3466
3369
3597
QuickSort 10000: 
2079
2091
1978
2065
2176
2074
2077
2024
2230
2204
BubbleSort 25000: 
6314231
6327890
6305155
6503010
6375621
6337312
6314486
6324088
6275749
6298952
InsertionSort 25000: 
2680422
2626180
2639684
2619539
2674326
2681025
2713468
2672670
2656532
2691333
MergeSort 25000: 
7869
8397
7916
8325
8258
8095
7930
8275
7957
8351
IterativeMergeSort 25000: 
8146
7676
7863
8008
7883
7973
8060
7906
7907
7980
ShellSort 25000: 
10044
9940
10205
10037
9677
9833
9987
10267
9764
10208
QuickSort 25000: 
5510
5485
5533
5707
5267
5034
5481
5005
5415
5169
BubbleSort 50000: 
25235927
25180463
25161426
25248754
25257544
25043945
25329487
25121653
25454233
25305889
InsertionSort 50000: 
10620226
10667975
10606376
10737988
10734139
10727371
10687279
10678206
10678768
10815002
MergeSort 50000: 
16352
18022
16315
16223
16369
16103
15962
16026
16051
16269
IterativeMergeSort 50000: 
16373
18437
16735
16734
16804
16319
17358
16590
16528
16561
ShellSort 50000: 
21476
21362
22239
22495
22148
22090
22116
21832
22589
21388
QuickSort 50000: 
11144
10923
10879
10988
11050
10840
10910
11083
11275
11209
BubbleSort 100000: 
100937600
100696985
101191135
100926335
100835522
100761567
100611888
103330362
104367368
103820395
InsertionSort 100000: 
43274659
44593260
43307602
42807913
42214090
42495639
42607405
43849966
43292439
42766680
MergeSort 100000: 
34165
33544
33076
32768
33113
33416
32988
32981
33169
32868
IterativeMergeSort 100000: 
34834
34289
34519
35491
34821
35294
35698
34963
34660
34968
ShellSort 100000: 
49937
48995
51838
48885
50281
49128
49817
48408
50033
48128
QuickSort 100000: 
22755
22637
22577
22782
22453
22344
22511
22764
22318
22622
BubbleSort 250000: 
634136539
627499684
626041209
625347253
626142327
629107679
633918447
