BubbleSort 10: 
1
2
2
1
2
1
1
2
2
1
InsertionSort 10: 
1
1
1
0
0
1
0
1
1
1
MergeSort 10: 
2
1
1
1
1
1
1
1
1
1
IterativeMergeSort 10: 
0
1
1
1
1
1
1
1
1
1
ShellSort 10: 
0
0
0
1
1
0
0
0
0
1
QuickSort 10: 
1
1
1
1
0
0
1
1
1
1
BubbleSort 100: 
100
138
111
144
125
94
99
120
98
118
InsertionSort 100: 
40
91
42
46
72
56
57
57
57
40
MergeSort 100: 
30
26
18
18
17
17
17
16
16
18
IterativeMergeSort 100: 
17
16
16
15
29
16
15
28
15
28
ShellSort 100: 
12
12
13
13
14
13
12
12
13
12
QuickSort 100: 
11
12
10
11
11
11
12
11
11
11
BubbleSort 1000: 
9584
9155
9272
9762
9341
9543
9642
9843
10538
9778
InsertionSort 1000: 
4054
4267
4542
4513
4490
4341
4526
4354
4398
4147
MergeSort 1000: 
261
259
258
258
256
263
278
263
306
286
IterativeMergeSort 1000: 
269
217
217
207
242
216
233
276
216
218
ShellSort 1000: 
212
266
224
209
206
227
228
223
258
205
QuickSort 1000: 
172
190
219
173
156
152
152
180
155
154
BubbleSort 2500: 
59653
61671
60217
58234
57992
59338
58385
61480
58718
57885
InsertionSort 2500: 
26333
25271
25748
25116
25264
25252
26006
25330
25179
27435
MergeSort 2500: 
567
611
547
550
550
548
629
593
567
603
IterativeMergeSort 2500: 
763
647
591
843
618
573
574
575
574
667
ShellSort 2500: 
697
629
678
660
892
633
628
625
625
642
QuickSort 2500: 
402
395
396
434
395
392
399
398
397
399
BubbleSort 5000: 
234082
236231
234536
233898
237603
232407
236535
233583
244913
233686
InsertionSort 5000: 
99136
99239
99309
102917
101342
100538
103428
101005
100150
101196
MergeSort 5000: 
1176
1202
1232
1297
1219
1172
1170
1339
1175
1244
IterativeMergeSort 5000: 
1276
1432
1247
1378
1408
1512
1364
1272
1445
1244
ShellSort 5000: 
1400
1551
1423
1384
1488
1511
1478
1431
1451
1373
QuickSort 5000: 
901
895
850
873
820
898
887
804
814
1015
BubbleSort 10000: 
954717
956564
973144
957403
953848
964623
954305
958446
983659
955446
InsertionSort 10000: 
403456
404647
405440
402272
401433
428413
428624
411849
403054
403236
MergeSort 10000: 
2499
2597
2525
2620
2812
2949
2922
2904
2842
2888
IterativeMergeSort 10000: 
2675
2881
2864
2891
3030
3288
2738
2981
2881
2986
ShellSort 10000: 
3290
3517
3220
3284
3096
3345
3268
3352
3138
