BubbleSort 10: 
InsertionSort 10: 
1
1
1
1
1
1
1
0
1
0
MergeSort 10: 
1
1
1
1
1
0
1
0
1
0
IterativeMergeSort 10: 
0
0
1
1
1
0
0
1
1
1
ShellSort 10: 
1
1
0
0
0
0
1
1
1
1
QuickSort 10: 
1
0
1
1
0
0
1
0
1
1
BubbleSort 100: 
InsertionSort 100: 
46
59
59
46
46
46
46
46
46
80
MergeSort 100: 
17
30
16
15
15
15
15
15
16
15
IterativeMergeSort 100: 
17
16
14
15
14
14
14
14
14
14
ShellSort 100: 
14
13
11
11
10
10
10
10
11
10
QuickSort 100: 
12
10
8
7
7
7
6
6
6
6
BubbleSort 1000: 
InsertionSort 1000: 
4315
4437
4276
4475
4474
4462
4327
4424
4205
4469
MergeSort 1000: 
284
267
266
269
274
294
267
264
268
261
IterativeMergeSort 1000: 
241
270
230
248
278
272
221
221
206
231
ShellSort 1000: 
224
262
225
224
248
228
256
236
237
219
QuickSort 1000: 
189
164
165
180
152
173
163
149
186
155
BubbleSort 2500: 
InsertionSort 2500: 
27722
26380
26479
26619
26264
26214
27409
28720
28706
26239
MergeSort 2500: 
561
623
554
549
554
549
623
767
574
548
IterativeMergeSort 2500: 
667
585
607
761
589
592
587
615
584
673
ShellSort 2500: 
810
737
635
694
636
666
862
713
634
648
QuickSort 2500: 
404
402
447
555
395
398
393
393
465
394
BubbleSort 5000: 
InsertionSort 5000: 
103681
104475
107068
105259
104179
104755
106201
103975
104436
104288
MergeSort 5000: 
1265
1238
1240
1311
1186
1254
1494
1278
1228
1258
IterativeMergeSort 5000: 
1436
1356
1504
1429
1455
1270
1310
1410
1439
1293
ShellSort 5000: 
1540
1651
1577
1529
1682
1610
1522
1685
1478
1694
QuickSort 5000: 
858
844
868
866
908
909
828
857
971
835
BubbleSort 10000: 
InsertionSort 10000: 
421441
432826
424627
425561
427779
418762
422134
421350
422395
419227
MergeSort 10000: 
2620
2965
2623
2710
2822
3000
2626
2745
2640
2651
IterativeMergeSort 10000: 
2946
3013
2759
2837
2699
3103
2778
3157
2777
2890
ShellSort 10000: 
3267
3578
3440
3504
3226
3620
3285
3677
3290
3734
QuickSort 10000: 
2019
1864
2027
1964
1994
1853
1969
1939
1994
1779
BubbleSort 25000: 
InsertionSort 25000: 
2626884
2602325
2629019
2598681
2623977
2615494
2637152
2608043
2625539
2646801
MergeSort 25000: 
7655
7833
7837
7722
7528
8213
7765
7599
8384
8240
IterativeMergeSort 25000: 
8588
7999
8002
7744
7793
7752
8635
8446
8472
8211
ShellSort 25000: 
11186
10568
10758
10750
10064
10792
10259
10482
10062
10243
QuickSort 25000: 
5154
5314
5231
5308
5382
5257
5170
5221
5279
5340
BubbleSort 50000: 
InsertionSort 50000: 
10514254
10537324
10541912
10697957
10561755
10659004
10526169
10572412
10501775
10499075
MergeSort 50000: 
15576
15777
15516
16063
15657
15934
15760
16097
16045
15889
IterativeMergeSort 50000: 
16093
16154
16140
16195
16043
16251
16183
16127
16317
16337
ShellSort 50000: 
21087
21209
21370
21207
21307
21526
21596
20978
21180
21228
QuickSort 50000: 
10764
10559
10790
10666
10779
10955
10820
10984
10768
10572
BubbleSort 100000: 
InsertionSort 100000: 
41783900
41820650
42063741
42138853
42346377
42259870
41971745
41951511
41962345
41872096
MergeSort 100000: 
33635
32689
33020
32734
36053
36832
33115
32689
32817
32457
IterativeMergeSort 100000: 
34108
33934
34783
34488
34092
34496
33754
34446
34200
34395
ShellSort 100000: 
46886
48541
50402
47169
48508
48323
49552
47879
49289
47139
QuickSort 100000: 
23371
22132
21962
22318
22084
22884
22145
23041
22169
22136
BubbleSort 250000: 
InsertionSort 250000: 
266253935
