BubbleSort 10: 
1
1
2
1
1
1
1
1
1
1
InsertionSort 10: 
1
1
1
0
1
1
1
0
0
1
MergeSort 10: 
2
1
1
1
1
1
1
1
1
1
IterativeMergeSort 10: 
1
0
1
1
1
0
1
1
0
1
ShellSort 10: 
1
0
1
1
1
0
1
1
14
1
QuickSort 10: 
1
1
1
1
1
0
0
0
0
1
BubbleSort 100: 
130
104
149
163
119
103
91
89
92
109
InsertionSort 100: 
50
50
43
40
55
76
44
60
58
45
MergeSort 100: 
19
18
20
18
17
18
17
17
18
18
IterativeMergeSort 100: 
17
17
16
16
16
16
16
16
16
16
ShellSort 100: 
14
13
14
12
14
14
18
13
13
13
QuickSort 100: 
12
12
11
11
11
12
11
11
11
10
BubbleSort 1000: 
9837
9682
9288
9177
9902
9557
9430
9440
9094
9262
InsertionSort 1000: 
4098
4503
4188
4754
4582
4520
4762
4752
4673
4693
MergeSort 1000: 
255
264
246
271
301
261
270
272
245
305
IterativeMergeSort 1000: 
246
228
266
232
261
377
241
230
259
291
ShellSort 1000: 
230
229
226
272
206
244
345
229
208
204
QuickSort 1000: 
152
175
155
148
137
151
159
178
255
154
BubbleSort 2500: 
58097
63454
61130
61550
60523
58447
58274
58515
59494
60453
InsertionSort 2500: 
26138
26374
25718
25160
25973
25440
25603
26229
25423
27012
MergeSort 2500: 
556
549
807
583
545
585
691
551
548
569
IterativeMergeSort 2500: 
589
635
673
668
637
587
785
587
588
587
ShellSort 2500: 
834
619
651
620
658
613
756
640
854
650
QuickSort 2500: 
382
380
726
481
396
381
373
376
379
433
BubbleSort 5000: 
235697
239088
238411
238481
239981
238644
243454
251043
239164
235043
InsertionSort 5000: 
103582
102370
102898
101585
101995
103405
101918
104579
110322
105913
MergeSort 5000: 
1167
1165
1230
1306
1309
1176
1212
1325
1174
1216
IterativeMergeSort 5000: 
1363
1336
1277
1568
1402
1330
1276
1359
1432
1722
ShellSort 5000: 
1446
1624
1416
1487
1537
1468
1463
1618
1397
1457
QuickSort 5000: 
954
820
845
801
819
811
814
831
893
806
BubbleSort 10000: 
973988
965354
