BubbleSort 1000000: 
InsertionSort 1000000: 
MergeSort 1000000: 
416431
397814
501339
402408
392451
411696
391312
395485
398983
388256
IterativeMergeSort 1000000: 
413776
402202
418432
407651
403974
413623
423773
407272
402544
409138
ShellSort 1000000: 
665743
682318
653511
676042
663554
707393
676403
663083
656719
689191
QuickSort 1000000: 
252788
253226
269514
252883
260306
251444
261195
254568
254716
258976
BubbleSort 2000000: 
InsertionSort 2000000: 
MergeSort 2000000: 
833586
838568
830872
836142
830307
827912
827495
835974
836610
828463
IterativeMergeSort 2000000: 
856154
865503
860945
854273
852184
854621
852761
885186
853043
863691
ShellSort 2000000: 
1591782
1563747
1543859
1542564
1561448
1563810
1569209
1548773
1580245
1564027
QuickSort 2000000: 
545474
547921
535530
537354
541523
542833
533394
545592
538197
553616
BubbleSort 5000000: 
InsertionSort 5000000: 
MergeSort 5000000: 
2032126
2015361
2088501
1996320
1980839
2000606
2071336
2065920
2060469
2046053
IterativeMergeSort 5000000: 
2390758
2436799
2436346
2377004
2425651
2400837
2357918
2343460
2455049
2408523
ShellSort 5000000: 
4784254
4615625
4789753
