BubbleSort 500000: 
InsertionSort 500000: 
MergeSort 500000: 
183509
185318
183288
200435
183591
190906
201377
198277
186812
202169
IterativeMergeSort 500000: 
197642
187575
186971
191473
204899
203390
187115
191338
186053
190617
ShellSort 500000: 
289064
301412
301958
296411
300478
296974
341141
299741
302631
304343
QuickSort 500000: 
130865
120197
118919
137974
131934
121607
123805
127074
130321
121857
BubbleSort 750000: 
InsertionSort 750000: 
MergeSort 750000: 
267057
267747
283897
266129
293795
267662
275964
278689
276631
294861
IterativeMergeSort 750000: 
296420
292021
292083
291837
290087
295804
291821
290522
290493
312896
ShellSort 750000: 
469075
509257
499393
555450
500739
525967
480888
489171
495910
521982
QuickSort 750000: 
184633
183987
188334
187396
185720
183856
193950
194390
194785
184525
BubbleSort 1000000: 
InsertionSort 1000000: 
MergeSort 1000000: 
385532
390712
