BubbleSort 10: 
InsertionSort 10: 
2
1
1
1
1
1
1
1
0
0
MergeSort 10: 
1
1
1
1
1
1
1
1
2
1
IterativeMergeSort 10: 
1
1
1
1
1
1
0
1
1
1
ShellSort 10: 
1
0
1
0
0
0
0
0
1
1
QuickSort 10: 
1
0
0
0
1
1
0
1
0
0
BubbleSort 100: 
InsertionSort 100: 
58
59
45
73
45
45
80
45
45
59
MergeSort 100: 
21
18
32
32
31
18
18
17
17
17
IterativeMergeSort 100: 
16
16
15
14
14
14
14
14
14
14
ShellSort 100: 
13
13
12
11
11
11
11
11
11
11
QuickSort 100: 
13
9
7
6
7
6
6
6
5
6
BubbleSort 1000: 
InsertionSort 1000: 
4352
4618
4596
4226
4477
4143
4362
4275
4453
4244
MergeSort 1000: 
254
289
272
254
264
254
337
273
262
261
IterativeMergeSort 1000: 
307
261
283
223
257
307
235
216
250
217
ShellSort 1000: 
209
211
259
207
206
286
218
212
214
231
QuickSort 1000: 
190
156
154
153
159
184
153
152
149
149
BubbleSort 2500: 
InsertionSort 2500: 
26687
26385
26262
26441
26292
26280
26694
26589
26060
25691
MergeSort 2500: 
657
558
557
551
622
692
593
775
578
601
IterativeMergeSort 2500: 
587
585
605
780
605
621
577
584
655
601
ShellSort 2500: 
834
625
692
651
633
708
756
634
848
690
QuickSort 2500: 
468
421
401
423
385
400
438
395
396
402
BubbleSort 5000: 
InsertionSort 5000: 
104337
108506
106600
107923
104307
115782
105096
104557
105199
104482
MergeSort 5000: 
1244
1184
1511
1384
1189
1305
1407
1247
1197
1309
IterativeMergeSort 5000: 
1434
1419
1372
1588
1344
1391
1348
1290
1361
1485
ShellSort 5000: 
1537
1470
1676
1402
1414
1526
1595
1430
1515
1765
QuickSort 5000: 
837
840
928
904
829
896
853
850
953
835
BubbleSort 10000: 
InsertionSort 10000: 
425617
424369
422257
421289
424169
422159
429697
421426
420310
421466
MergeSort 10000: 
2546
2865
2543
2993
3047
2979
2900
3052
2663
3021
IterativeMergeSort 10000: 
2904
2985
2973
3130
2818
3238
2819
3200
3139
3189
ShellSort 10000: 
3528
3432
3510
3533
3520
3457
3407
3445
3256
3581
QuickSort 10000: 
1856
1853
2059
1775
1938
1964
1859
2028
1936
1970
BubbleSort 25000: 
InsertionSort 25000: 
2640708
2636915
2610282
