BubbleSort 10: 
1
1
1
1
1
1
1
1
1
1
InsertionSort 10: 
1
0
0
0
1
1
1
1
1
0
MergeSort 10: 
1
1
1
1
1
1
1
1
1
1
IterativeMergeSort 10: 
1
1
0
1
1
1
1
0
0
0
ShellSort 10: 
1
1
1
1
1
1
1
1
1
0
QuickSort 10: 
1
1
0
1
1
1
1
1
1
1
BubbleSort 100: 
120
113
93
134
96
95
96
121
120
220
InsertionSort 100: 
44
47
49
45
46
41
46
40
38
40
MergeSort 100: 
19
18
16
17
18
18
19
17
32
30
IterativeMergeSort 100: 
17
16
16
16
15
15
16
15
16
15
ShellSort 100: 
14
26
12
13
27
13
13
13
13
13
QuickSort 100: 
12
25
11
24
11
10
11
11
11
11
BubbleSort 1000: 
9961
10455
9865
9438
9750
9739
9808
9816
10157
9566
InsertionSort 1000: 
4269
4917
4288
4709
4543
4312
3963
4717
4212
4712
MergeSort 1000: 
257
254
262
262
279
272
254
258
259
251
IterativeMergeSort 1000: 
209
221
206
286
237
226
229
244
215
216
ShellSort 1000: 
240
225
238
277
215
215
213
244
217
240
QuickSort 1000: 
164
260
165
165
145
157
155
160
157
143
BubbleSort 2500: 
59627
61000
61577
62527
61844
61970
61068
62520
61438
62024
InsertionSort 2500: 
27559
27028
26818
26648
30740
29214
27507
27731
28827
27740
MergeSort 2500: 
623
650
634
648
575
647
635
705
640
655
IterativeMergeSort 2500: 
637
615
692
713
776
692
684
650
724
635
ShellSort 2500: 
745
715
896
645
713
678
635
626
697
671
QuickSort 2500: 
410
401
398
422
406
454
415
401
405
402
BubbleSort 5000: 
250259
253225
254815
251914
248967
252755
249238
251150
249896
249636
InsertionSort 5000: 
106658
106904
109750
108764
105560
107231
108089
105968
105837
104802
MergeSort 5000: 
1192
1232
1245
1389
1242
1350
1374
1317
1265
1189
IterativeMergeSort 5000: 
1334
1490
1446
1591
1510
1293
1292
1458
1294
1329
ShellSort 5000: 
1529
1645
1633
1564
1716
1464
1485
1651
1454
1658
QuickSort 5000: 
929
893
829
854
944
832
829
969
982
832
BubbleSort 10000: 
998974
1019735
1009249
1013854
994872
1013314
1022063
994319
1001222
1004901
InsertionSort 10000: 
429961
436336
436897
424831
418458
428800
424000
429540
419737
421966
MergeSort 10000: 
2596
2793
2656
2872
2609
2747
2568
2631
2633
2923
IterativeMergeSort 10000: 
2760
3134
2765
2801
2808
3080
2749
3005
2898
2847
ShellSort 10000: 
3181
3476
3284
3572
3216
3536
3477
3605
3182
3685
QuickSort 10000: 
1816
1886
2031
1876
2115
1956
1954
1928
2141
1881
BubbleSort 25000: 
6282289
6314426
6360398
6288907
6405648
6384531
6382450
6334515
6392124
6426127
InsertionSort 25000: 
2686308
2657787
2688015
2700364
2671236
2713399
2699719
2655914
2692711
2647780
MergeSort 25000: 
7732
7832
7718
7735
7722
7614
7715
8258
7929
7958
IterativeMergeSort 25000: 
7900
8003
7994
7860
8047
7950
7944
8025
7976
8375
ShellSort 25000: 
10405
9828
10021
10664
10336
9874
10682
10534
9989
9748
QuickSort 25000: 
5312
5190
5335
5381
5354
5333
5394
5299
5519
5231
BubbleSort 50000: 
25466375
25264526
25210287
25502636
25457674
25509031
25403928
25466791
25228875
25169292
InsertionSort 50000: 
10651344
10635534
10644787
10658825
10577296
10637540
10619655
10679089
10726944
10649151
MergeSort 50000: 
15755
16022
16059
16282
16045
16251
16086
15954
15813
16119
IterativeMergeSort 50000: 
16442
16463
16334
16095
16466
16325
16482
16901
16324
16341
ShellSort 50000: 
22334
21715
21892
21631
21781
22006
21593
21631
23935
24022
QuickSort 50000: 
11551
11972
12111
11514
10963
11227
12726
11907
11516
11063
BubbleSort 100000: 
100861294
100916835
100415123
100897985
100852131
100490136
99668717
100409268
100426664
100027517
InsertionSort 100000: 
42319958
42347305
42488364
42447136
42556044
42551817
42635882
42531476
42429861
42363315
MergeSort 100000: 
32766
33595
32729
34478
34453
34400
33307
33481
35933
37033
IterativeMergeSort 100000: 
34786
34770
34644
35923
34980
34912
34729
35138
35000
34745
ShellSort 100000: 
48811
48363
50516
49030
48532
50172
53333
55305
49470
49198
QuickSort 100000: 
23055
22210
22402
22141
22081
21954
22332
22043
22272
25290
BubbleSort 250000: 
InsertionSort 250000: 
MergeSort 250000: 
93795
93562
93225
93189
93642
93201
93149
93536
93385
93169
IterativeMergeSort 250000: 
92246
92048
94255
94206
92487
92333
93297
94364
92902
92180
ShellSort 250000: 
137243
137599
139301
139176
136760
135386
135378
139294
133276
144500
QuickSort 250000: 
60808
60499
60747
60704
60674
64898
66364
67742
60526
61151
BubbleSort 500000: 
InsertionSort 500000: 
MergeSort 500000: 
198375
195158
196726
198770
198006
195384
198956
194923
203032
197041
IterativeMergeSort 500000: 
195147
195933
195112
198368
196068
195953
196592
208952
197015
194186
ShellSort 500000: 
302085
317075
311112
310282
302198
318321
308355
307483
301621
317369
QuickSort 500000: 
129008
127424
127282
137293
131084
127361
128850
130642
127749
125954
BubbleSort 750000: 
InsertionSort 750000: 
MergeSort 750000: 
280886
281394
293779
281795
281925
281089
281214
289659
283243
292883
IterativeMergeSort 750000: 
302358
305467
304846
304176
304615
306403
306575
304752
303554
303681
ShellSort 750000: 
478193
500496
528938
575948
510830
499754
523956
497329
532970
494483
QuickSort 750000: 
196171
194704
197071
191761
193202
192613
192011
199008
198624
206698
BubbleSort 1000000: 
InsertionSort 1000000: 
MergeSort 1000000: 
415240
409855
409693
415235
407480
412604
408579
416036
405964
403113
IterativeMergeSort 1000000: 
411509
410926
413371
411735
415340
412998
419684
412553
413203
412296
ShellSort 1000000: 
698346
694893
730901
706943
707534
688107
729606
723229
685006
672946
QuickSort 1000000: 
263965
261934
262150
265695
263437
277625
267873
265652
262994
263716
BubbleSort 2000000: 
InsertionSort 2000000: 
MergeSort 2000000: 
850933
847861
845661
859859
842709
844855
848673
849699
840594
841177
IterativeMergeSort 2000000: 
876801
863032
863091
863897
858068
857375
863173
860376
862687
866544
ShellSort 2000000: 
1586340
1681950
1650962
1572845
1637964
1552294
1617964
1577780
1629971
1647941
QuickSort 2000000: 
557142
553711
549049
547369
546266
561118
544983
557912
553831
549600
BubbleSort 5000000: 
InsertionSort 5000000: 
MergeSort 5000000: 
2079327
2058536
2097859
2070431
2077255
2074410
2062766
2068907
2098944
2097921
IterativeMergeSort 5000000: 
2339282
2316865
2337769
2330760
2329449
2342613
2315039
2324475
2326163
2318895
ShellSort 5000000: 
4882075
4628789
4713356
4544890
4643768
4645871
4813318
4863991
4739977
4591243
QuickSort 5000000: 
1464212
1432613
1460904
1447789
1489490
1449466
1453064
1454592
1463521
1455448