BubbleSort 10: 
1
1
1
1
1
0
0
1
1
1
InsertionSort 10: 
1
0
0
0
1
1
1
0
0
1
MergeSort 10: 
1
1
0
1
1
1
1
1
0
1
IterativeMergeSort 10: 
0
0
1
0
0
0
1
0
0
0
ShellSort 10: 
1
1
1
1
0
0
0
0
0
1
QuickSort 10: 
1
1
1
0
0
0
1
0
0
0
BubbleSort 100: 
91
92
90
91
118
105
92
92
105
131
InsertionSort 100: 
56
43
43
70
43
43
43
57
43
57
MergeSort 100: 
19
31
17
17
17
17
17
17
17
17
IterativeMergeSort 100: 
17
16
15
14
14
13
13
13
13
14
ShellSort 100: 
14
12
12
11
11
11
10
10
10
10
QuickSort 100: 
13
9
8
6
6
6
6
6
5
6
BubbleSort 1000: 
9881
9820
10140
9459
9504
9778
9749
9610
9438
9603
InsertionSort 1000: 
4228
4220
4247
4258
4281
4209
4316
4212
4271
4190
MergeSort 1000: 
295
260
257
268
247
261
261
255
267
254
IterativeMergeSort 1000: 
222
222
220
231
253
220
228
219
220
223
ShellSort 1000: 
217
216
215
215
215
215
215
213
207
264
QuickSort 1000: 
163
157
153
171
145
152
152
164
154
154
BubbleSort 2500: 
62515
63296
62364
61841
61688
63311
63199
62560
61084
61680
InsertionSort 2500: 
26853
26356
26579
26579
26453
26311
26417
26708
27959
26311
MergeSort 2500: 
591
549
548
555
574
576
562
605
545
617
IterativeMergeSort 2500: 
626
597
625
582
597
647
624
577
712
629
ShellSort 2500: 
616
623
634
617
640
670
616
665
634
633
QuickSort 2500: 
409
383
408
409
424
394
398
390
391
536
BubbleSort 5000: 
244618
243125
244600
249646
273385
249891
250953
251897
249250
251238
InsertionSort 5000: 
103654
106067
103802
104289
103263
104646
104950
103575
103771
103148
MergeSort 5000: 
1180
1284
1259
1523
1173
1331
1373
1181
1174
1295
IterativeMergeSort 5000: 
1331
1257
1554
1388
1570
1436
1402
1447
1343
1373
ShellSort 5000: 
1728
1513
1550
1623
1612
1496
1591
1578
1749
1447
QuickSort 5000: 
903
845
877
893
849
852
1051
901
853
897
BubbleSort 10000: 
989527
984839
1009930
1003076
985951
992709
987241
1012386
986156
997812
InsertionSort 10000: 
418220
421294
417452
420369
418056
430019
434787
425920
426270
414670
MergeSort 10000: 
2522
2616
2672
2606
2572
2681
2584
2701
2516
2703
IterativeMergeSort 10000: 
2850
2922
2773
2926
2842
2885
2833
2873
2960
2911
ShellSort 10000: 
3228
3316
3428
3375
3236
3399
3318
3447
3217
3463
QuickSort 10000: 
1883
1924
1845
1926
1891
1979
1896
2057
1885
1795
BubbleSort 25000: 
6287372
6263712
6284912
6322078
6299347
6278160
6315390
6296327
6297317
6345108
InsertionSort 25000: 
2693326
2647543
2686859
