BubbleSort 10: 
1
2
0
1
1
1
1
1
1
1
InsertionSort 10: 
1
1
1
1
1
0
0
0
0
0
MergeSort 10: 
2
1
1
1
1
1
1
2
1
0
IterativeMergeSort 10: 
1
0
0
0
1
1
1
1
1
1
ShellSort 10: 
1
1
1
1
1
1
1
0
0
1
QuickSort 10: 
1
1
1
0
1
1
1
1
1
1
BubbleSort 100: 
84
135
126
137
149
86
128
91
138
148
InsertionSort 100: 
72
60
59
79
45
71
73
54
45
43
MergeSort 100: 
30
17
16
18
17
17
31
18
15
18
IterativeMergeSort 100: 
30
17
30
15
16
16
15
15
15
16
ShellSort 100: 
12
13
13
12
13
13
14
12
14
14
QuickSort 100: 
12
12
25
12
11
11
11
11
11
25
BubbleSort 1000: 
10360
10121
9386
9547
9416
9395
9313
9300
9090
9326
InsertionSort 1000: 
4741
4696
4103
4329
4250
4485
4327
4460
4131
4406
MergeSort 1000: 
252
274
244
244
245
287
277
262
252
250
IterativeMergeSort 1000: 
217
276
217
227
320
244
206
220
219
216
ShellSort 1000: 
225
229
207
213
211
283
223
231
370
237
QuickSort 1000: 
161
170
157
154
168
160
157
159
174
203
BubbleSort 2500: 
58351
60661
61075
58346
59186
57790
59032
61451
60906
58136
InsertionSort 2500: 
26900
25423
25701
25028
26020
27494
25668
25205
26040
25520
MergeSort 2500: 
553
546
546
549
659
546
552
666
542
543
IterativeMergeSort 2500: 
574
573
574
635
788
572
572
796
571
646
ShellSort 2500: 
745
650
628
609
618
626
679
797
612
611
QuickSort 2500: 
448
385
388
384
400
397
438
399
398
404
BubbleSort 5000: 
237062
239318
242568
242607
236002
239367
234530
236071
246633
234640
InsertionSort 5000: 
101629
101377
101666
100194
101597
99885
101537
106168
104614
104597
MergeSort 5000: 
1172
1173
1279
1443
1164
1279
1324
1169
1236
1319
IterativeMergeSort 5000: 
1239
1299
1348
1418
1296
1355
1269
1405
1382
1283
ShellSort 5000: 
1565
1510
1513
1608
1458
1728
1722
1456
1426
1660
QuickSort 5000: 
899
826
825
998
1020
842
833
1028
1019
829
BubbleSort 10000: 
953872
957749
957328
962184
958412
963370
982282
966362
963945
964891
InsertionSort 10000: 
413441
437153
423516
408245
417234
403794
415598
404792
414519
401758
MergeSort 10000: 
2495
2532
2553
2623
2543
2604
2534
2735
2501
2860
IterativeMergeSort 10000: 
2724
2852
2693
2902
2874
2978
2719
3118
2893
2853
ShellSort 10000: 
3310
3470
3157
3378
3133
3700
3232
3310
3409
3480
QuickSort 10000: 
1799
1869
2083
1868
1837
1810
1953
1833
1944
1793
BubbleSort 25000: 
6080811
6085834
6083221
5998156
6055199
6175533
