BubbleSort 10: 
1
1
1
1
1
1
1
1
1
1
InsertionSort 10: 
1
0
1
1
1
0
0
1
1
1
MergeSort 10: 
1
0
1
1
1
1
1
1
1
1
IterativeMergeSort 10: 
0
1
1
1
0
1
1
1
0
0
ShellSort 10: 
1
1
1
1
1
0
0
0
1
1
QuickSort 10: 
1
1
0
0
0
1
1
1
1
1
BubbleSort 100: 
146
110
137
147
105
108
118
120
94
105
InsertionSort 100: 
91
54
64
74
55
49
41
55
57
60
MergeSort 100: 
18
17
22
16
17
18
18
17
31
17
IterativeMergeSort 100: 
24
16
16
16
15
15
15
15
28
15
ShellSort 100: 
11
14
14
12
14
13
14
14
14
14
QuickSort 100: 
12
12
11
11
11
10
11
10
12
12
BubbleSort 1000: 
9685
9974
10625
10436
11165
9597
10244
10018
9909
9290
InsertionSort 1000: 
4300
4377
4319
4543
4078
4413
4444
4543
4485
4377
MergeSort 1000: 
267
295
278
292
253
277
285
284
248
257
IterativeMergeSort 1000: 
234
234
261
233
219
247
262
218
224
308
ShellSort 1000: 
271
216
203
206
279
226
220
202
211
237
QuickSort 1000: 
202
158
154
160
156
145
157
162
158
157
BubbleSort 2500: 
58937
62873
58347
57771
59804
59292
58561
63216
59701
60144
InsertionSort 2500: 
25349
26205
26048
25553
26194
25224
25717
26003
25140
27487
MergeSort 2500: 
544
551
598
551
547
555
580
760
549
548
IterativeMergeSort 2500: 
572
573
602
713
572
570
620
571
572
574
ShellSort 2500: 
733
624
641
634
606
624
800
609
631
679
QuickSort 2500: 
402
403
396
404
397
393
402
400
393
399
BubbleSort 5000: 
247705
238535
244730
243580
243819
245419
245079
240934
240477
247645
InsertionSort 5000: 
102988
105187
107326
102884
100895
105408
103508
