BubbleSort 10: 
1
1
2
1
1
1
2
1
1
1
InsertionSort 10: 
0
0
1
1
1
0
1
1
1
0
MergeSort 10: 
2
2
1
1
1
1
0
1
1
0
IterativeMergeSort 10: 
0
1
1
1
0
1
0
0
0
1
ShellSort 10: 
1
1
1
1
1
1
1
1
1
0
QuickSort 10: 
1
1
0
1
1
1
1
0
0
1
BubbleSort 100: 
104
102
119
93
93
118
89
112
130
120
InsertionSort 100: 
48
55
37
50
59
40
39
46
45
42
MergeSort 100: 
18
17
17
17
31
18
17
18
16
18
IterativeMergeSort 100: 
16
16
16
16
15
15
16
16
14
16
ShellSort 100: 
13
12
13
13
26
13
13
13
13
13
QuickSort 100: 
25
12
11
12
10
11
11
11
11
12
BubbleSort 1000: 
9964
9495
9693
9466
9776
9362
9291
9438
9367
9677
InsertionSort 1000: 
4092
4444
4203
4243
4135
4753
4694
4120
4436
4075
MergeSort 1000: 
314
275
266
405
265
253
249
266
260
298
IterativeMergeSort 1000: 
221
212
270
253
350
277
298
217
206
234
ShellSort 1000: 
225
226
227
227
212
229
229
205
197
234
QuickSort 1000: 
218
211
145
157
147
142
160
143
159
154
BubbleSort 2500: 
59463
58377
61801
60372
61755
60749
58726
59914
59492
59873
InsertionSort 2500: 
26974
26113
26866
25353
25945
26457
26565
26740
25799
26782
MergeSort 2500: 
550
554
558
550
541
548
553
612
549
563
IterativeMergeSort 2500: 
686
601
571
572
570
571
619
756
570
570
ShellSort 2500: 
674
616
628
769
617
633
633
611
630
671
QuickSort 2500: 
402
441
494
399
399
399
400
396
401
454
BubbleSort 5000: 
238589
248209
239482
239362
